SECRET_KEY=" [
  131,  87, 162,  64, 146, 206,  20, 150,  36,  92, 200,
  245,  39, 213, 205, 164, 214, 199, 125,  67,  22,  41,
   24, 157, 183, 226,  95, 220, 123, 142, 145, 114, 252,
  115,  73, 223, 226, 254,   6,  12,  12,  95, 238, 179,
    9,  95,  35,  97,  73, 156,  96,  55, 122, 109, 196,
   97,  17, 185, 168,  78,  11, 170, 214, 105
]"

PUB_KEY="HzThhJAw99274RoKNfdhnskCdh4wAMFG2X4yBt2KDkgg"

MINT_ADDRESS="JqVZjqk1rmZAcqKQHiUbeFEzxBiZcLAJBkEf8ca8kiC"

TOKEN_ACCOUNT="Aew9BUKfnSzkWdetj76TCkGnWkwgB2sCUTBnKfSdoj3P"

SECOND_SECRET_KEY=" [
  191, 113,  69, 176, 157, 253,  10, 135, 206,  98, 131,
   14, 171, 253, 224,  39, 117, 227, 114, 122, 114, 115,
  203,  19,  48,  76,  34, 198, 225, 167, 194,  17, 209,
    0,   2, 110, 239, 100, 159,  23, 171,  45,  51, 129,
   73, 234, 147,  45,   4, 134,  98,  66, 235, 172, 233,
  156,  83, 145, 133, 208, 122, 248, 162, 179
]"

SECOND_PUB_KEY="F4rDbnrWxbUjRuqeZ2McuHA1p44RVBGeiMovu3cjArBc"

